#x 		 y
-6.283185    267.746761
-6.220353    251.441467
-6.157522    236.129151
-6.094690    221.749341
-6.031858    208.245252
-5.969026    195.563551
-5.906194    183.654159
-5.843362    172.470043
-5.780530    161.967036
-5.717699    152.103659
-5.654867    142.840961
-5.592035    134.142362
-5.529203    125.973510
-5.466371    118.302145
-5.403539    111.097972
-5.340708    104.332540
-5.277876    97.979132
-5.215044    92.012658
-5.152212    86.409555
-5.089380    81.147695
-5.026548    76.206298
-4.963716    71.565852
-4.900885    67.208028
-4.838053    63.115619
-4.775221    59.272462
-4.712389    55.663381
-4.649557    52.274122
-4.586725    49.091301
-4.523893    46.102348
-4.461062    43.295460
-4.398230    40.659552
-4.335398    38.184214
-4.272566    35.859671
-4.209734    33.676743
-4.146902    31.626809
-4.084070    29.701774
-4.021239    27.894035
-3.958407    26.196454
-3.895575    24.602326
-3.832743    23.105357
-3.769911    21.699633
-3.707079    20.379605
-3.644247    19.140058
-3.581416    17.976098
-3.518584    16.883129
-3.455752    15.856833
-3.392920    14.893158
-3.330088    13.988298
-3.267256    13.138680
-3.204425    12.340949
-3.141593    11.591953
-3.078761    10.888736
-3.015929    10.228520
-2.953097    9.608698
-2.890265    9.026822
-2.827433    8.480594
-2.764602    7.967858
-2.701770    7.486587
-2.638938    7.034882
-2.576106    6.610959
-2.513274    6.213143
-2.450442    5.839864
-2.387610    5.489648
-2.324779    5.161110
-2.261947    4.852955
-2.199115    4.563965
-2.136283    4.292998
-2.073451    4.038986
-2.010619    3.800923
-1.947787    3.577871
-1.884956    3.368949
-1.822124    3.173331
-1.759292    2.990245
-1.696460    2.818968
-1.633628    2.658823
-1.570796    2.509178
-1.507964    2.369443
-1.445133    2.239065
-1.382301    2.117529
-1.319469    2.004356
-1.256637    1.899098
-1.193805    1.801339
-1.130973    1.710695
-1.068142    1.626806
-1.005310    1.549342
-0.942478    1.477997
-0.879646    1.412488
-0.816814    1.352557
-0.753982    1.297968
-0.691150    1.248505
-0.628319    1.203972
-0.565487    1.164194
-0.502655    1.129013
-0.439823    1.098291
-0.376991    1.071907
-0.314159    1.049755
-0.251327    1.031749
-0.188496    1.017818
-0.125664    1.007906
-0.062832    1.001975
0.000000    1.000000
0.062832    1.001975
0.125664    1.007906
0.188496    1.017818
0.251327    1.031749
0.314159    1.049755
0.376991    1.071907
0.439823    1.098291
0.502655    1.129013
0.565487    1.164194
0.628319    1.203972
0.691150    1.248505
0.753982    1.297968
0.816814    1.352557
0.879646    1.412488
0.942478    1.477997
1.005310    1.549342
1.068142    1.626806
1.130973    1.710695
1.193805    1.801339
1.256637    1.899098
1.319469    2.004356
1.382301    2.117529
1.445133    2.239065
1.507964    2.369443
1.570796    2.509178
1.633628    2.658823
1.696460    2.818968
1.759292    2.990245
1.822124    3.173331
1.884956    3.368949
1.947787    3.577871
2.010619    3.800923
2.073451    4.038986
2.136283    4.292998
2.199115    4.563965
2.261947    4.852955
2.324779    5.161110
2.387610    5.489648
2.450442    5.839864
2.513274    6.213143
2.576106    6.610959
2.638938    7.034882
2.701770    7.486587
2.764602    7.967858
2.827433    8.480594
2.890265    9.026822
2.953097    9.608698
3.015929    10.228520
3.078761    10.888736
3.141593    11.591953
3.204425    12.340949
3.267256    13.138680
3.330088    13.988298
3.392920    14.893158
3.455752    15.856833
3.518584    16.883129
3.581416    17.976098
3.644247    19.140058
3.707079    20.379605
3.769911    21.699633
3.832743    23.105357
3.895575    24.602326
3.958407    26.196454
4.021239    27.894035
4.084070    29.701774
4.146902    31.626809
4.209734    33.676743
4.272566    35.859671
4.335398    38.184214
4.398230    40.659552
4.461062    43.295460
4.523893    46.102348
4.586725    49.091301
4.649557    52.274122
4.712389    55.663381
4.775221    59.272462
4.838053    63.115619
4.900885    67.208028
4.963716    71.565852
5.026548    76.206298
5.089380    81.147695
5.152212    86.409555
5.215044    92.012658
5.277876    97.979132
5.340708    104.332540
5.403539    111.097972
5.466371    118.302145
5.529203    125.973510
5.592035    134.142362
5.654867    142.840961
5.717699    152.103659
5.780530    161.967036
5.843362    172.470043
5.906194    183.654159
5.969026    195.563551
6.031858    208.245252
6.094690    221.749341
6.157522    236.129151
6.220353    251.441467
