#x 		 y
-6.283185    -267.744894
-6.220353    -251.439479
-6.157522    -236.127033
-6.094690    -221.747087
-6.031858    -208.242851
-5.969026    -195.560995
-5.906194    -183.651437
-5.843362    -172.467144
-5.780530    -161.963949
-5.717699    -152.100372
-5.654867    -142.837460
-5.592035    -134.138634
-5.529203    -125.969540
-5.466371    -118.297918
-5.403539    -111.093471
-5.340708    -104.327748
-5.277876    -97.974029
-5.215044    -92.007224
-5.152212    -86.403768
-5.089380    -81.141533
-5.026548    -76.199737
-4.963716    -71.558865
-4.900885    -67.200588
-4.838053    -63.107697
-4.775221    -59.264026
-4.712389    -55.654398
-4.649557    -52.264556
-4.586725    -49.081115
-4.523893    -46.091501
-4.461062    -43.283910
-4.398230    -40.647253
-4.335398    -38.171118
-4.272566    -35.845725
-4.209734    -33.661893
-4.146902    -31.610996
-4.084070    -29.684935
-4.021239    -27.876105
-3.958407    -26.177361
-3.895575    -24.581995
-3.832743    -23.083706
-3.769911    -21.676579
-3.707079    -20.355056
-3.644247    -19.113917
-3.581416    -17.948262
-3.518584    -16.853487
-3.455752    -15.825269
-3.392920    -14.859548
-3.330088    -13.952508
-3.267256    -13.100569
-3.204425    -12.300366
-3.141593    -11.548739
-3.078761    -10.842720
-3.015929    -10.179520
-2.953097    -9.556520
-2.890265    -8.971261
-2.827433    -8.421430
-2.764602    -7.904856
-2.701770    -7.419500
-2.638938    -6.963445
-2.576106    -6.534889
-2.513274    -6.132141
-2.450442    -5.753609
-2.387610    -5.397799
-2.324779    -5.063305
-2.261947    -4.748808
-2.199115    -4.453064
-2.136283    -4.174905
-2.073451    -3.913235
-2.010619    -3.667018
-1.947787    -3.435282
-1.884956    -3.217113
-1.822124    -3.011649
-1.759292    -2.818078
-1.696460    -2.635636
-1.633628    -2.463603
-1.570796    -2.301299
-1.507964    -2.148083
-1.445133    -2.003350
-1.382301    -1.866529
-1.319469    -1.737078
-1.256637    -1.614488
-1.193805    -1.498274
-1.130973    -1.387976
-1.068142    -1.283160
-1.005310    -1.183411
-0.942478    -1.088336
-0.879646    -0.997558
-0.816814    -0.910720
-0.753982    -0.827479
-0.691150    -0.747505
-0.628319    -0.670484
-0.565487    -0.596110
-0.502655    -0.524091
-0.439823    -0.454141
-0.376991    -0.385985
-0.314159    -0.319353
-0.251327    -0.253982
-0.188496    -0.189614
-0.125664    -0.125995
-0.062832    -0.062873
0.000000    0.000000
0.062832    0.062873
0.125664    0.125995
0.188496    0.189614
0.251327    0.253982
0.314159    0.319353
0.376991    0.385985
0.439823    0.454141
0.502655    0.524091
0.565487    0.596110
0.628319    0.670484
0.691150    0.747505
0.753982    0.827479
0.816814    0.910720
0.879646    0.997558
0.942478    1.088336
1.005310    1.183411
1.068142    1.283160
1.130973    1.387976
1.193805    1.498274
1.256637    1.614488
1.319469    1.737078
1.382301    1.866529
1.445133    2.003350
1.507964    2.148083
1.570796    2.301299
1.633628    2.463603
1.696460    2.635636
1.759292    2.818078
1.822124    3.011649
1.884956    3.217113
1.947787    3.435282
2.010619    3.667018
2.073451    3.913235
2.136283    4.174905
2.199115    4.453064
2.261947    4.748808
2.324779    5.063305
2.387610    5.397799
2.450442    5.753609
2.513274    6.132141
2.576106    6.534889
2.638938    6.963445
2.701770    7.419500
2.764602    7.904856
2.827433    8.421430
2.890265    8.971261
2.953097    9.556520
3.015929    10.179520
3.078761    10.842720
3.141593    11.548739
3.204425    12.300366
3.267256    13.100569
3.330088    13.952508
3.392920    14.859548
3.455752    15.825269
3.518584    16.853487
3.581416    17.948262
3.644247    19.113917
3.707079    20.355056
3.769911    21.676579
3.832743    23.083706
3.895575    24.581995
3.958407    26.177361
4.021239    27.876105
4.084070    29.684935
4.146902    31.610996
4.209734    33.661893
4.272566    35.845725
4.335398    38.171118
4.398230    40.647253
4.461062    43.283910
4.523893    46.091501
4.586725    49.081115
4.649557    52.264556
4.712389    55.654398
4.775221    59.264026
4.838053    63.107697
4.900885    67.200588
4.963716    71.558865
5.026548    76.199737
5.089380    81.141533
5.152212    86.403768
5.215044    92.007224
5.277876    97.974029
5.340708    104.327748
5.403539    111.093471
5.466371    118.297918
5.529203    125.969540
5.592035    134.138634
5.654867    142.837460
5.717699    152.100372
5.780530    161.963949
5.843362    172.467144
5.906194    183.651437
5.969026    195.560995
6.031858    208.242851
6.094690    221.747087
6.157522    236.127033
6.220353    251.439479
